[hand_eye_calibration]
x = -0.09376656415185305
y = 0.036307220615746705
z = 0.06108367591834391
qx = -0.006397477356513906
qy = 0.004339821823462947
qz = -0.710159445742079
qw = 0.7039984373940873

